Appendices

Appendix-1

Year Urea TSP SSP DAP MoP |Gypsum| Zinc AS Others Total
1980-81 559,766|215,061 - 41,736| 45,204 - 183 - 13,229) 875,179
1981-82 518,775 | 208,478 - 48,518] 44,836 - 810 - 7,906| 829,323
1982-83 629,058] 205,999 - 73,161] 50,420 393 498 - 8,889} 968,418
1983-84 708,070) 260,730 - 93,831] 63,222 1,267 745 - 1,196] 1,129,061
1984-85 831,801 |345,670 - 403) 69,271 1,379) 1,217 - 10,480] 1,260,221
1985-86 794,496 | 297,418 - 53] 59,867 3,269 706 - 178] 1,155,987
1986-87 915,019|335,659 - - 65,850] 2,824) 1,353 - 238] 1,320,943
1987-88 | 1,029,077|390,159 - - 86,139 1,390} 1,639} 6,796 -| 1,515,191
1988-89 | 1,135,062|415,993 - - 94,172] 60,745] 2,800 93 173] 1,709,038
1989-90 | 1,369,237|479,767 718 - 118,663) 67,808] 5,180} 1,785 18] 2,043,176
1990-91 | 1,323,397|514,761| 12,120 - 149,761} 101,782) 2,743} 2,763 211) 2,107,538
1991-92 | 1,533,481|456,672| 36,201 - 137,135} 115,334] 3,805] 4,797 - 2,287,425
1992-93 | 1,547,407|407,002| 119,828) 2,010] 126,083) 108,140 722| 4,992 - 2,316,184
1993-94 | 1,578,955 |234,185| 170,608] 28,675] 103,875) 86,051} 5,200} 10,036 97| 2,217,682
1994-95 | 1,748,459} 122,947) 533,485 1,837) 154,240] 77,161 -| 2,491 - 2,640,620
1995-96 | 2,045,535|111,095) 596,881 - 155,881} 103,577) 1,029} 8,692 - 3,022,690
1996-97 | 2,119,883] 72,629] 525,285 - 219,302} 86,611) 1,161} 11,692 - 3,036,563
1997-98 | 1,872,725} 62,382] 473,295) 6,778] 193,496) 113,430 661} 9,716 - 2,732,483
1998-99 | 1,902,024|170,247| 362,370] 38,633) 210,784) 128,215 269} 12,418 - 2,824,924
1999-00 | 2,151,233|}259,263| 237,201] 109,171] 239,464) 189,398] 1,170} 26,003 - 3,212,903
2000-01 | 2,121,096}399,428) 138,589) 90,077| 123,788] 102,260] 3,006} 13,020 - 2,991,264
2001-02 | 2,247,422|401,464] 127,126] 127,033] 233,249) 115,578 238} 20,083} 12,876] 3,285,069
2002-03 | 2,247,000|}375,130) 132,527) 122,010] 270,620) 150,520 5,00} 10,000} 26,000} 3,338,807
2003-04 | 2,324,080|}361,000) 148,000] 90,000} 240,000} 140,000] 7,000} 9,000} 45,000) 3,364,080
2004-05 | 2,523,395 |420,029) 170,931] 140,718} 260,385} 135,704] 8,000} 5,592} 90,000) 3,754,754
2005-06 | 2,451,370}436,470) 130,390] 145,000} 290,670} 104,950) 7,500} 6,320} 110,000) 3,682,670
2006-07 | 2,515,000|}340,000) 122,000] 115,000} 230,000} 72,000) 26,000} 6,000} 125,000) 3,551,000
2007-08 | 2,762,783 |381,970) 57,949] 89,000} 274,000} 82,731] 6,500} 3,147} 100,000) 3,758,080
2008-09 | 2,533,000] 161,000 - 18,000} 82,000} 100,000) 30,000} 5,400} 50,000) 2,979,400
2009-10 | 2,406,000 |420,000 - 136,000] 263,000) 120,000} 38,000} 8,500} 65,000) 3,456,500
2010-11 | 2,657,000|592,000 - 323,000] 494,000] 135,000} 42,000} 8,800} 82,000) 4,333,800

Source: Monthly report FDI-11 and ATDP/IFDC and MOA, MMI/DAE
